famille        st    heur   res  TO     decis   retours      unit     pur   cpu(s)  %heur
3sat_n20       SAT   H0       7   0      10.9       7.6      67.4     0.9    0.001   18.5
3sat_n20       SAT   H1       7   0      12.7       9.4      76.3     1.9    0.001   16.8
3sat_n20       SAT   H2d      7   0       5.1       1.1      21.3     3.4    0.000   37.4
3sat_n20       SAT   H2s      7   0       5.1       0.9      17.3     2.9    0.000   20.1
3sat_n20       SAT   H3d      7   0       5.9       1.0      18.0     2.9    0.000   38.2
3sat_n20       SAT   H4d      7   0       6.4       2.0      23.3     2.9    0.000   34.6
3sat_n20       SAT   H7d      7   0       6.3       1.3      20.3     3.3    0.001   46.6
3sat_n20       SAT   H7s      7   0       6.3       1.7      22.3     3.4    0.000   21.2
3sat_n20       SAT   H8       7   0       5.9       3.0      32.9     1.6    0.001   40.4
3sat_n20       UNSAT H0       3   0      29.3      29.3     175.3     2.7    0.002   16.4
3sat_n20       UNSAT H1       3   0      32.0      32.0     191.3     1.0    0.003   15.8
3sat_n20       UNSAT H2d      3   0       8.0       8.0      65.3     0.7    0.001   28.6
3sat_n20       UNSAT H2s      3   0       7.7       7.7      55.7     0.7    0.001   15.4
3sat_n20       UNSAT H3d      3   0      10.0      10.0      70.0     1.0    0.001   27.6
3sat_n20       UNSAT H4d      3   0       8.3       8.3      63.7     0.7    0.001   25.1
3sat_n20       UNSAT H7d      3   0       9.3       9.3      68.0     0.7    0.001   32.5
3sat_n20       UNSAT H7s      3   0       8.7       8.7      60.7     0.3    0.001   16.1
3sat_n20       UNSAT H8       3   0       7.7       7.7      64.7     1.0    0.001   33.3
3sat_n30       SAT   H0       7   0      25.4      20.1     187.1     4.4    0.003   17.6
3sat_n30       SAT   H1       7   0      29.4      25.1     224.9     4.1    0.002   14.2
3sat_n30       SAT   H2d      7   0      11.7       6.1      75.3     6.3    0.001   36.1
3sat_n30       SAT   H2s      7   0      12.0       7.1      82.3     5.4    0.001   17.7
3sat_n30       SAT   H3d      7   0      12.1       5.9      56.4     7.9    0.001   33.3
3sat_n30       SAT   H4d      7   0       7.0       2.3      39.0     4.6    0.001   27.3
3sat_n30       SAT   H7d      7   0      10.1       3.6      44.7     8.3    0.001   40.2
3sat_n30       SAT   H7s      7   0      12.6       6.7      66.3     6.1    0.001   18.6
3sat_n30       SAT   H8       7   0       9.1       5.3      68.7     4.9    0.001   34.7
3sat_n30       UNSAT H0       3   0      65.0      65.0     571.0     6.0    0.006   12.8
3sat_n30       UNSAT H1       3   0      62.3      62.3     547.3     7.3    0.004   11.7
3sat_n30       UNSAT H2d      3   0      18.0      18.0     194.7     2.3    0.003   25.8
3sat_n30       UNSAT H2s      3   0      22.7      22.7     254.0     3.7    0.004   13.0
3sat_n30       UNSAT H3d      3   0      29.3      29.3     294.3     8.3    0.004   23.3
3sat_n30       UNSAT H4d      3   0      14.3      14.3     160.3     3.7    0.002   18.9
3sat_n30       UNSAT H7d      3   0      19.7      19.7     197.7     3.3    0.003   31.7
3sat_n30       UNSAT H7s      3   0      32.3      32.3     316.3    10.7    0.003   11.9
3sat_n30       UNSAT H8       3   0      19.0      19.0     210.7     5.7    0.003   30.0
3sat_n40       SAT   H0       6   0      92.8      87.0     944.0    12.2    0.014   13.7
3sat_n40       SAT   H1       6   0      56.8      49.2     526.3    14.2    0.007   14.0
3sat_n40       SAT   H2d      6   0       8.3       1.8      42.0     7.2    0.001   36.8
3sat_n40       SAT   H2s      6   0      12.3       5.5      92.2     7.2    0.001   17.8
3sat_n40       SAT   H3d      6   0      11.3       2.7      45.0     9.7    0.001   37.1
3sat_n40       SAT   H4d      6   0       9.7       2.0      46.0     8.5    0.001   29.0
3sat_n40       SAT   H7d      6   0      11.7       2.7      45.7     9.0    0.002   47.4
3sat_n40       SAT   H7s      6   0      15.5       6.8     106.7     7.7    0.001   18.9
3sat_n40       SAT   H8       6   0       8.7       3.5      62.3     8.8    0.001   36.5
3sat_n40       UNSAT H0       4   0     291.5     291.5    3015.8    33.2    0.037   11.6
3sat_n40       UNSAT H1       4   0     177.8     177.8    1947.2    13.8    0.029   11.5
3sat_n40       UNSAT H2d      4   0      40.0      40.0     452.5     7.8    0.008   24.1
3sat_n40       UNSAT H2s      4   0      47.8      47.8     531.2     7.0    0.007   10.6
3sat_n40       UNSAT H3d      4   0      50.0      50.0     573.2     9.8    0.008   21.5
3sat_n40       UNSAT H4d      4   0      21.0      21.0     290.5     3.5    0.005   15.8
3sat_n40       UNSAT H7d      4   0      33.8      33.8     412.8     4.5    0.007   27.6
3sat_n40       UNSAT H7s      4   0      55.2      55.2     604.8    11.8    0.010   11.8
3sat_n40       UNSAT H8       4   0      27.8      27.8     371.2     4.8    0.005   25.2
3sat_n50       SAT   H0       8   0     176.8     169.8    2080.8    37.0    0.031   12.1
3sat_n50       SAT   H1       8   0     190.0     182.8    2253.4    27.9    0.035   11.6
3sat_n50       SAT   H2d      8   0      25.9      17.6     273.5    18.6    0.005   31.5
3sat_n50       SAT   H2s      8   0      27.4      18.9     282.2    11.6    0.005   16.6
3sat_n50       SAT   H3d      8   0      35.6      25.1     352.1    15.8    0.006   33.6
3sat_n50       SAT   H4d      8   0      16.2       8.0     148.8     9.5    0.002   24.8
3sat_n50       SAT   H7d      8   0      26.0      16.4     246.5    11.5    0.005   41.2
3sat_n50       SAT   H7s      8   0      35.4      25.9     370.1    14.5    0.005   18.3
3sat_n50       SAT   H8       8   0      29.9      23.6     358.1    16.2    0.007   32.7
3sat_n50       UNSAT H0       2   0     472.0     472.0    5443.5    56.0    0.091   10.9
3sat_n50       UNSAT H1       2   0     816.0     816.0    9987.5    76.5    0.161   10.2
3sat_n50       UNSAT H2d      2   0      54.5      54.5     835.5    12.5    0.018   20.7
3sat_n50       UNSAT H2s      2   0      98.0      98.0    1275.5    18.5    0.018    9.9
3sat_n50       UNSAT H3d      2   0      87.0      87.0    1181.0    15.0    0.024   19.4
3sat_n50       UNSAT H4d      2   0      28.0      28.0     471.5     6.0    0.010   13.8
3sat_n50       UNSAT H7d      2   0      47.0      47.0     702.5    10.0    0.012   22.9
3sat_n50       UNSAT H7s      2   0      99.5      99.5    1381.5    16.0    0.021    9.3
3sat_n50       UNSAT H8       2   0      37.0      37.0     549.5    10.5    0.010   24.8
meow-alea_n10  SAT   H0       4   0     611.0     598.5    8277.5     0.0    0.171   11.9
meow-alea_n10  SAT   H1       4   0     191.2     184.0    2369.8     0.0    0.035    8.5
meow-alea_n10  SAT   H2d      4   0     239.8     167.5    1632.2     0.0    0.044   45.9
meow-alea_n10  SAT   H2s      4   0    1946.2    1896.5   21475.0     0.0    0.276   26.9
meow-alea_n10  SAT   H3d      4   0     239.8     167.5    1632.2     0.0    0.042   44.3
meow-alea_n10  SAT   H4d      4   0     170.2      98.5    1094.8     0.0    0.041   50.3
meow-alea_n10  SAT   H7d      4   0     239.8     167.5    1632.2     0.0    0.050   53.5
meow-alea_n10  SAT   H7s      4   0    1946.2    1896.5   21475.0     0.0    0.275   24.9
meow-alea_n10  SAT   H8       4   0       8.5       1.8     119.0     0.0    0.007   21.8
meow-alea_n10  UNSAT H0       6   0     431.5     431.5    6505.0     0.0    0.148    4.2
meow-alea_n10  UNSAT H1       6   0    1807.0    1807.0   27419.0     0.0    0.570    5.0
meow-alea_n10  UNSAT H2d      6   0    1119.3    1119.3   13612.2     0.0    0.282   12.4
meow-alea_n10  UNSAT H2s      6   0    6631.7    6631.7   65920.3     0.0    0.929    7.9
meow-alea_n10  UNSAT H3d      6   0    1119.3    1119.3   13612.2     0.0    0.279   11.0
meow-alea_n10  UNSAT H4d      6   0     837.8     837.8   11189.7     0.0    0.264   12.8
meow-alea_n10  UNSAT H7d      6   0    1119.3    1119.3   13612.2     0.0    0.296   15.5
meow-alea_n10  UNSAT H7s      6   0    6631.7    6631.7   65920.3     0.0    0.908    7.2
meow-alea_n10  UNSAT H8       6   0       3.2       3.2     129.8     0.0    0.007    7.0
meow-alea_n12  SAT   H0       5   0    3254.0    3236.4   41911.6     0.0    1.367    9.2
meow-alea_n12  SAT   H1       5   0     755.4     748.6    9702.6     0.0    0.283    6.1
meow-alea_n12  SAT   H2d      5   0     686.4     589.6    6108.2     0.0    0.146   38.0
meow-alea_n12  SAT   H2s      3   2    5404.7    5342.3   59104.0     0.0    8.735   20.3
meow-alea_n12  SAT   H3d      5   0     686.4     589.6    6108.2     0.0    0.142   36.0
meow-alea_n12  SAT   H4d      5   0     441.2     346.8    3909.6     0.0    0.129   42.6
meow-alea_n12  SAT   H7d      5   0     686.4     589.6    6108.2     0.0    0.164   43.7
meow-alea_n12  SAT   H7s      3   2    5404.7    5342.3   59104.0     0.0    8.832   19.2
meow-alea_n12  SAT   H8       5   0      12.6       4.8     213.8     0.0    0.026   15.8
meow-alea_n12  UNSAT H0       3   2     406.3     406.3    6359.3     0.0    8.181    5.2
meow-alea_n12  UNSAT H1       4   1     258.2     258.2    4435.8     0.0    4.467    5.3
meow-alea_n12  UNSAT H2d      3   2    1294.3    1294.3   16056.7     0.0    8.335   12.8
meow-alea_n12  UNSAT H2s      3   2    4244.3    4244.3   47620.0     0.0    8.732    8.3
meow-alea_n12  UNSAT H3d      3   2    1294.3    1294.3   16056.7     0.0    8.326   11.7
meow-alea_n12  UNSAT H4d      3   2     880.0     880.0   11894.7     0.0    8.285   13.5
meow-alea_n12  UNSAT H7d      3   2    1294.3    1294.3   16056.7     0.0    8.358   15.4
meow-alea_n12  UNSAT H7s      3   2    4244.3    4244.3   47620.0     0.0    8.725    7.5
meow-alea_n12  UNSAT H8       5   0      41.0      41.0     811.0     0.0    0.109    8.4
meow-alea_n14  SAT   H0       2   1     673.5     657.0    9079.5     0.0    6.884    7.3
meow-alea_n14  SAT   H1       3   0     260.3     253.3    4651.0     0.0    0.500    4.9
meow-alea_n14  SAT   H2d      1   2      93.0       1.0     108.0     0.0   13.356   31.6
meow-alea_n14  SAT   H2s      1   2    1693.0    1643.0   21594.0     0.0   13.474   14.2
meow-alea_n14  SAT   H3d      1   2      93.0       1.0     108.0     0.0   13.355   27.9
meow-alea_n14  SAT   H4d      1   2      90.0       1.0     111.0     0.0   13.357   33.2
meow-alea_n14  SAT   H7d      1   2      93.0       1.0     108.0     0.0   13.356   38.3
meow-alea_n14  SAT   H7s      1   2    1693.0    1643.0   21594.0     0.0   13.467   12.2
meow-alea_n14  SAT   H8       3   0     110.3     101.7    2179.7     0.0    0.234   13.2
meow-alea_n14  UNSAT H0       2   5    2002.5    2002.5   42635.5     0.0   15.590    3.2
meow-alea_n14  UNSAT H1       4   3       6.0       6.0     162.2     0.0    8.618    4.7
meow-alea_n14  UNSAT H2d      1   6       0.0       0.0       9.0     0.0   17.143    0.0
meow-alea_n14  UNSAT H2s      1   6       0.0       0.0       9.0     0.0   17.143    0.0
meow-alea_n14  UNSAT H3d      1   6       0.0       0.0       9.0     0.0   17.143    0.0
meow-alea_n14  UNSAT H4d      1   6       0.0       0.0       9.0     0.0   17.143    0.0
meow-alea_n14  UNSAT H7d      1   6       0.0       0.0       9.0     0.0   17.143    0.0
meow-alea_n14  UNSAT H7s      1   6       0.0       0.0       9.0     0.0   17.143    0.0
meow-alea_n14  UNSAT H8       7   0     129.3     129.3    2986.9     0.0    0.504   11.2
meow-alea_n5   SAT   H0       7   0       8.6       6.0      76.4     0.0    0.001   13.4
meow-alea_n5   SAT   H1       7   0       3.6       2.0      37.4     0.0    0.001    8.9
meow-alea_n5   SAT   H2d      7   0      10.1       0.1      15.4     0.0    0.001   42.0
meow-alea_n5   SAT   H2s      7   0       9.9       3.9      45.0     0.0    0.001   16.5
meow-alea_n5   SAT   H3d      7   0      10.1       0.1      15.4     0.0    0.001   39.8
meow-alea_n5   SAT   H4d      7   0       9.7       0.1      15.9     0.0    0.001   44.9
meow-alea_n5   SAT   H7d      7   0      10.1       0.1      15.4     0.0    0.001   46.0
meow-alea_n5   SAT   H7s      7   0       9.9       3.9      45.0     0.0    0.001   16.5
meow-alea_n5   SAT   H8       7   0       1.7       0.9      31.6     0.0    0.000   20.1
meow-alea_n5   UNSAT H0       3   0       2.0       2.0      33.0     0.0    0.000    5.7
meow-alea_n5   UNSAT H1       3   0       3.0       3.0      33.7     0.0    0.000    6.4
meow-alea_n5   UNSAT H2d      3   0       5.3       5.3      50.7     0.0    0.001   15.6
meow-alea_n5   UNSAT H2s      3   0       7.0       7.0      62.7     0.0    0.001    6.2
meow-alea_n5   UNSAT H3d      3   0       5.3       5.3      50.7     0.0    0.001   13.3
meow-alea_n5   UNSAT H4d      3   0       4.3       4.3      43.0     0.0    0.001   14.4
meow-alea_n5   UNSAT H7d      3   0       5.3       5.3      50.7     0.0    0.001   17.9
meow-alea_n5   UNSAT H7s      3   0       7.0       7.0      62.7     0.0    0.001    7.1
meow-alea_n5   UNSAT H8       3   0       0.7       0.7      20.0     0.0    0.000   11.2
meow-alea_n6   SAT   H0       5   0      11.6       5.2      85.2     0.0    0.002   13.4
meow-alea_n6   SAT   H1       5   0       7.0       4.6      76.2     0.0    0.001    8.0
meow-alea_n6   SAT   H2d      5   0      19.8       1.4      26.2     0.0    0.002   45.0
meow-alea_n6   SAT   H2s      5   0      13.8       3.2      43.6     0.0    0.002   20.8
meow-alea_n6   SAT   H3d      5   0      19.8       1.4      26.2     0.0    0.002   42.5
meow-alea_n6   SAT   H4d      5   0      18.6       1.2      25.2     0.0    0.002   47.2
meow-alea_n6   SAT   H7d      5   0      19.8       1.4      26.2     0.0    0.002   49.3
meow-alea_n6   SAT   H7s      5   0      13.8       3.2      43.6     0.0    0.002   19.8
meow-alea_n6   SAT   H8       5   0       2.8       1.0      48.2     0.0    0.001   17.6
meow-alea_n6   UNSAT H0       5   0      13.2      13.2     164.6     0.0    0.003    5.8
meow-alea_n6   UNSAT H1       5   0      10.6      10.6     153.2     0.0    0.003    4.7
meow-alea_n6   UNSAT H2d      5   0      10.6      10.6     163.8     0.0    0.004   11.7
meow-alea_n6   UNSAT H2s      5   0      23.2      23.2     300.2     0.0    0.004    5.4
meow-alea_n6   UNSAT H3d      5   0      10.6      10.6     163.8     0.0    0.003   10.2
meow-alea_n6   UNSAT H4d      5   0      10.4      10.4     162.2     0.0    0.004   12.9
meow-alea_n6   UNSAT H7d      5   0      10.6      10.6     163.8     0.0    0.004   14.0
meow-alea_n6   UNSAT H7s      5   0      23.2      23.2     300.2     0.0    0.005    6.3
meow-alea_n6   UNSAT H8       5   0       0.8       0.8      35.2     0.0    0.001    9.8
meow-alea_n8   SAT   H0       3   0      19.7      10.3     185.0     0.0    0.009   14.0
meow-alea_n8   SAT   H1       3   0       5.0       2.7      87.3     0.0    0.004    8.1
meow-alea_n8   SAT   H2d      3   0      40.3       5.3      91.3     0.0    0.009   43.6
meow-alea_n8   SAT   H2s      3   0      43.0      20.3     270.0     0.0    0.011   19.8
meow-alea_n8   SAT   H3d      3   0      40.3       5.3      91.3     0.0    0.009   42.4
meow-alea_n8   SAT   H4d      3   0      34.3       4.3      94.0     0.0    0.010   47.8
meow-alea_n8   SAT   H7d      3   0      40.3       5.3      91.3     0.0    0.010   50.6
meow-alea_n8   SAT   H7s      3   0      43.0      20.3     270.0     0.0    0.010   19.5
meow-alea_n8   SAT   H8       3   0       4.3       1.0      68.3     0.0    0.004   18.5
meow-alea_n8   UNSAT H0       7   0      15.3      15.3     199.9     0.0    0.008    2.4
meow-alea_n8   UNSAT H1       7   0      42.3      42.3     526.7     0.0    0.016    3.0
meow-alea_n8   UNSAT H2d      7   0      25.9      25.9     316.6     0.0    0.011    7.0
meow-alea_n8   UNSAT H2s      7   0      80.0      80.0     845.9     0.0    0.018    3.8
meow-alea_n8   UNSAT H3d      7   0      25.9      25.9     316.6     0.0    0.011    6.2
meow-alea_n8   UNSAT H4d      7   0      18.3      18.3     253.6     0.0    0.009    8.0
meow-alea_n8   UNSAT H7d      7   0      25.9      25.9     316.6     0.0    0.011    8.6
meow-alea_n8   UNSAT H7s      7   0      80.0      80.0     845.9     0.0    0.018    3.8
meow-alea_n8   UNSAT H8       7   0       0.4       0.4      26.1     0.0    0.002    4.2
meow-sat_n10   SAT   H0      10   0      17.0       5.0     149.8     0.0    0.012   15.1
meow-sat_n10   SAT   H1      10   0      13.6       6.7     169.7     0.0    0.014    7.6
meow-sat_n10   SAT   H2d     10   0      88.2      16.7     176.1     0.0    0.030   47.8
meow-sat_n10   SAT   H2s     10   0      73.9      25.2     310.7     0.0    0.023   28.2
meow-sat_n10   SAT   H3d     10   0      88.2      16.7     176.1     0.0    0.029   46.2
meow-sat_n10   SAT   H4d     10   0      81.7      11.5     141.8     0.0    0.030   52.0
meow-sat_n10   SAT   H7d     10   0      88.2      16.7     176.1     0.0    0.033   54.7
meow-sat_n10   SAT   H7s     10   0      73.9      25.2     310.7     0.0    0.023   27.5
meow-sat_n10   SAT   H8      10   0       8.1       1.1     101.3     0.0    0.010   19.9
meow-sat_n12   SAT   H0      10   0    1841.9    1825.1   22931.6     0.0    0.537   11.4
meow-sat_n12   SAT   H1      10   0      42.9      35.5     528.7     0.0    0.037    6.4
meow-sat_n12   SAT   H2d     10   0     241.8     132.6    1274.6     0.0    0.093   46.0
meow-sat_n12   SAT   H2s     10   0    3124.1    3050.7   31002.0     0.0    0.620   24.0
meow-sat_n12   SAT   H3d     10   0     241.8     132.6    1274.6     0.0    0.089   44.1
meow-sat_n12   SAT   H4d     10   0     185.0      77.5     831.8     0.0    0.091   50.9
meow-sat_n12   SAT   H7d     10   0     241.8     132.6    1274.6     0.0    0.103   53.1
meow-sat_n12   SAT   H7s     10   0    3124.1    3050.7   31002.0     0.0    0.613   23.5
meow-sat_n12   SAT   H8      10   0      12.2       4.0     195.8     0.0    0.025   17.2
meow-sat_n14   SAT   H0      10   0    3203.7    3185.4   42684.7     0.0    1.075    9.6
meow-sat_n14   SAT   H1      10   0    2872.8    2862.2   36099.1     0.0    1.468    6.7
meow-sat_n14   SAT   H2d     10   0     811.7     651.9    6527.2     0.0    0.270   47.3
meow-sat_n14   SAT   H2s      9   1    1215.4    1111.6   11189.1     0.0    2.269   30.1
meow-sat_n14   SAT   H3d     10   0     811.7     651.9    6527.2     0.0    0.264   45.9
meow-sat_n14   SAT   H4d     10   0     668.3     510.2    5325.4     0.0    0.272   52.1
meow-sat_n14   SAT   H7d     10   0     811.7     651.9    6527.2     0.0    0.302   51.8
meow-sat_n14   SAT   H7s      9   1    1215.4    1111.6   11189.1     0.0    2.259   29.3
meow-sat_n14   SAT   H8      10   0      24.0      13.2     406.2     0.0    0.077   18.5
meow-sat_n5    SAT   H0      10   0       8.1       5.1      66.8     0.0    0.001   14.4
meow-sat_n5    SAT   H1      10   0       3.5       1.7      37.9     0.0    0.001    9.6
meow-sat_n5    SAT   H2d     10   0      11.5       0.0      13.5     0.0    0.001   43.3
meow-sat_n5    SAT   H2s     10   0       7.5       0.6      21.1     0.0    0.001   20.1
meow-sat_n5    SAT   H3d     10   0      11.5       0.0      13.5     0.0    0.001   40.9
meow-sat_n5    SAT   H4d     10   0      10.6       0.0      14.4     0.0    0.001   46.1
meow-sat_n5    SAT   H7d     10   0      11.5       0.0      13.5     0.0    0.001   48.2
meow-sat_n5    SAT   H7s     10   0       7.5       0.6      21.1     0.0    0.001   20.4
meow-sat_n5    SAT   H8      10   0       2.0       0.5      27.4     0.0    0.001   22.6
meow-sat_n6    SAT   H0      10   0       9.5       3.5      69.4     0.0    0.002   17.6
meow-sat_n6    SAT   H1      10   0       5.4       2.5      55.3     0.0    0.001   11.2
meow-sat_n6    SAT   H2d     10   0      24.5       1.3      23.5     0.0    0.003   52.5
meow-sat_n6    SAT   H2s     10   0      21.4       5.8      66.4     0.0    0.002   27.9
meow-sat_n6    SAT   H3d     10   0      24.5       1.3      23.5     0.0    0.002   49.5
meow-sat_n6    SAT   H4d     10   0      22.9       0.7      20.8     0.0    0.003   55.8
meow-sat_n6    SAT   H7d     10   0      24.5       1.3      23.5     0.0    0.003   58.7
meow-sat_n6    SAT   H7s     10   0      21.4       5.8      66.4     0.0    0.002   26.5
meow-sat_n6    SAT   H8      10   0       3.8       0.8      39.2     0.0    0.001   26.9
meow-sat_n8    SAT   H0      10   0      13.1       3.7      90.5     0.0    0.005   17.2
meow-sat_n8    SAT   H1      10   0       8.0       3.7     107.7     0.0    0.006    7.2
meow-sat_n8    SAT   H2d     10   0      47.4       4.8      58.8     0.0    0.010   48.3
meow-sat_n8    SAT   H2s     10   0      38.5       8.0     131.5     0.0    0.008   27.1
meow-sat_n8    SAT   H3d     10   0      47.4       4.8      58.8     0.0    0.009   46.3
meow-sat_n8    SAT   H4d     10   0      43.9       3.2      51.2     0.0    0.010   52.3
meow-sat_n8    SAT   H7d     10   0      47.4       4.8      58.8     0.0    0.011   55.1
meow-sat_n8    SAT   H7s     10   0      38.5       8.0     131.5     0.0    0.007   26.8
meow-sat_n8    SAT   H8      10   0       5.8       1.0      68.8     0.0    0.004   21.6
